Shape checking X_test image: (542, 64, 64, 3)
Shape checking X_train image: (2165, 64, 64, 3)
Prediction_labels: [2 2 2 2 3 2 2 2 4 2 3 4 0 2 1 3 4 3 2 2 2 4 2 3 2 2 4 2 2 2 3 0 0 1 2 2 4
 2 4 2 2 3 2 3 2 4 2 4 2 2 2 3 2 3 3 0 0 2 2 3 4 2 0 3 1 2 2 2 4 3 2 2 4 2
 3 0 3 3 2 1 3 4 2 0 2 2 4 4 3 2 2 2 2 4 2 3 3 2 4 3 1 1 3 2 3 0 2 2 2 3 4
 0 3 2 3 0 2 3 3 0 2 2 1 2 2 4 3 2 3 3 2 2 3 2 4 4 3 2 3 3 2 3 3 2 2 3 2 3
 2 2 0 3 3 2 2 3 2 4 2 4 3 0 2 3 2 2 4 2 2 2 2 2 2 2 4 4 2 2 3 4 2 2 3 4 2
 2 4 2 3 2 3 3 2 4 2 2 2 3 3 4 2 4 3 2 2 0 4 2 2 2 4 4 0 2 3 2 2 1 2 3 0 3
 3 3 4 3 2 2 2 2 2 4 4 0 2 3 2 3 3 2 1 4 2 2 2 2 2 0 0 4 2 3 3 3 2 2 3 4 2
 3 4 2 2 3 4 2 0 4 2 3 3 2 2 3 2 2 2 4 3 2 2 3 2 4 4 4 2 3 2 3 3 2 0 2 3 2
 2 3 3 2 4 2 2 2 2 2 3 3 2 3 2 2 2 4 2 3 2 2 3 2 4 4 1 2 4 2 2 3 2 2 2 2 2
 2 2 0 2 2 2 2 4 3 3 0 3 3 2 3 4 2 2 3 2 0 2 1 2 2 4 1 2 2 2 2 2 3 2 3 1 2
 3 2 4 2 3 2 4 3 0 2 2 4 3 3 3 4 3 2 3 2 2 2 2 3 3 2 2 3 2 2 2 3 3 3 4 2 2
 2 4 3 2 2 2 2 3 2 4 2 1 2 4 2 2 2 4 3 2 1 4 0 4 2 2 3 4 2 4 3 3 3 3 3 2 2
 3 2 2 2 3 2 2 2 4 2 2 2 2 3 3 4 0 3 2 3 2 3 2 2 2 4 3 4 3 3 2 3 4 2 3 1 3
 3 2 2 4 3 4 3 4 2 0 4 3 2 0 2 2 2 2 3 4 2 2 3 2 0 0 3 3 2 2 2 2 2 2 4 2 2
 4 2 4 1 2 3 2 4 2 4 2 3 2 2 3 2 4 4 3 4 1 2 2 2]
Test_labels: [2 2 2 2 3 2 2 2 4 2 2 4 0 4 4 3 4 3 2 2 2 0 2 3 2 2 4 2 2 2 3 0 0 4 4 2 1
 2 4 2 2 3 2 3 0 4 2 4 2 2 2 3 3 3 3 0 0 2 2 3 4 4 1 3 4 2 2 2 4 3 2 2 4 2
 4 0 3 3 2 2 3 2 2 2 2 2 4 4 3 2 2 2 3 4 2 3 3 2 4 3 2 1 3 0 3 0 3 3 0 3 4
 0 3 2 3 0 2 3 3 4 2 2 4 2 2 4 3 2 3 0 2 0 3 3 4 4 3 2 0 3 2 3 3 2 2 4 3 3
 4 0 0 3 3 3 2 3 2 4 2 2 3 1 2 3 4 0 0 4 2 2 0 3 2 2 4 4 2 2 3 4 1 3 3 4 2
 3 4 2 3 2 3 3 2 4 2 2 2 3 3 4 2 4 3 3 2 0 1 2 2 1 4 1 3 2 3 2 2 1 4 3 0 2
 3 3 1 3 2 2 2 2 2 4 4 0 2 3 2 4 3 2 4 4 1 2 1 2 3 0 3 4 2 3 3 3 2 2 3 4 2
 3 4 2 2 3 4 2 0 4 2 3 3 2 3 3 3 2 2 4 3 4 2 3 2 4 4 0 2 3 3 3 3 3 0 3 3 2
 2 3 3 2 4 2 2 2 2 2 3 3 2 3 2 2 2 4 0 3 2 3 3 2 4 4 4 4 4 2 2 3 2 2 2 2 2
 0 2 0 2 4 2 2 4 3 3 0 3 3 2 3 4 2 2 3 2 0 3 1 2 2 4 4 2 2 2 2 2 3 2 3 1 2
 3 2 4 2 4 2 4 3 0 2 2 4 4 3 3 4 3 2 3 4 2 2 2 3 3 2 2 3 2 2 2 3 3 3 4 4 2
 2 4 3 2 2 3 2 3 2 4 2 4 2 4 2 2 4 4 3 2 1 4 0 4 3 2 3 4 1 4 4 3 3 3 3 2 2
 3 2 2 2 3 2 4 2 4 0 2 2 2 3 3 4 0 3 2 3 2 3 2 2 2 4 3 4 3 3 2 3 1 2 3 1 3
 3 2 2 4 3 4 3 4 2 0 4 3 4 0 2 0 2 0 3 4 3 2 3 2 4 0 3 3 4 4 2 2 3 2 4 2 2
 0 2 4 4 2 3 2 4 2 4 2 3 2 2 0 4 4 4 3 4 1 2 2 2]
Model classification result -> 0.8191881918819188 ||| Model classification loss -> 0.18081180811808117
Model Test loss -> 0.6069545149803162 , Model Test accuracy -> 0.8191881775856018
Confusion Matrix -> 
[[ 25   0  12   3   4]
 [  2   7   5   0   5]
 [  1   2 206   2   2]
 [  2   0  23 130   0]
 [  2   9  18   6  76]]
Shape checking X_test image: (2680, 64, 64, 3)
Shape checking X_train image: (27, 64, 64, 3)
Prediction_labels: [0 2 2 ... 4 4 4]
Test_labels: [0 0 0 ... 4 4 4]
Model classification result -> 0.8175373134328359 ||| Model classification loss -> 0.1824626865671642
Model Test loss -> 0.6384282112121582 , Model Test accuracy -> 0.8175373077392578
Confusion Matrix -> 
[[  94    4   59   11   35]
 [   9   34   19    0   49]
 [   4   18 1046   10   13]
 [   3    0  111  607    0]
 [   8   29   80   27  410]]
Shape checking X_test image: (2572, 64, 64, 3)
Shape checking X_train image: (135, 64, 64, 3)
Prediction_labels: [3 2 2 ... 4 4 4]
Test_labels: [0 0 0 ... 4 4 4]
Model classification result -> 0.8320373250388803 ||| Model classification loss -> 0.16796267496111975
Model Test loss -> 0.547015905380249 , Model Test accuracy -> 0.8320373296737671
Confusion Matrix -> 
[[  43    4   27    6   15]
 [   9   34   19    0   49]
 [   4   18 1046   10   13]
 [   3    0  111  607    0]
 [   8   29   80   27  410]]
Shape checking X_test image: (2437, 64, 64, 3)
Shape checking X_train image: (270, 64, 64, 3)
Prediction_labels: [1 0 4 ... 4 4 4]
Test_labels: [1 1 1 ... 4 4 4]
Model classification result -> 0.8555601148953631 ||| Model classification loss -> 0.14443988510463684
Model Test loss -> 0.4532126486301422 , Model Test accuracy -> 0.8555601239204407
Confusion Matrix -> 
[[   0    0    0    0    0]
 [   4   22   14    0   31]
 [   4   18 1046   10   13]
 [   3    0  111  607    0]
 [   8   29   80   27  410]]
Shape checking X_test image: (2705, 64, 64, 3)
Shape checking X_train image: (2, 64, 64, 3)
Prediction_labels: [2 3 0 ... 4 4 4]
Test_labels: [0 0 0 ... 4 4 4]
Model classification result -> 0.8151571164510166 ||| Model classification loss -> 0.18484288354898337
Model Test loss -> 0.6551802754402161 , Model Test accuracy -> 0.8151571154594421
Confusion Matrix -> 
[[ 108    4   63   13   40]
 [   9   34   19    0   49]
 [   4   18 1046   10   13]
 [   3    0  111  607    0]
 [   8   29   80   27  410]]
